"Binomial" "ID" "year" "popvalue"
"ANARHICHAS_DENTICULATUS" 1 1981 8.44243905278633
"ANARHICHAS_LUPUS" 2 1981 1.71729813930484
"ANARHICHAS_MINOR" 3 1981 2.23011674855248
"CENTROSCYLLIUM_FABRICII" 4 1981 0.42830437266489
"CORYPHAENOIDES_RUPESTRIS" 5 1981 0.21487824728753
"COTTUNCULUS_MICROPS" 6 1981 0.0161723461485792
"CYCLOPTERUS_LUMPUS" 7 1981 0.23416472586662
"ENCHELYOPUS_CIMBRIUS" 8 1981 0.000518134715025907
"EUMICROTREMUS_SP" 9 1981 0.00241329990664125
"GADUS_MORHUA" 10 1981 25.1226930534029
"GLYPTOCEPHALUS_CYNOGLOSSUS" 11 1981 3.27154060653092
"HIPPOGLOSSOIDES_PLATESSOIDES" 12 1981 12.8518656447864
"LIMANDA_FERRUGINEA" 13 1981 0.0799459678520555
"LYCODES_ESMARKI" 14 1981 0.0548926877764365
"LYCODES_RETICULATUS" 15 1981 0.854624149277305
"LYCODES_VAHLII" 16 1981 0.327536198815156
"MACROURUS_BERGLAX" 17 1981 2.63277508844482
"MYOXOCEPHALUS_OCTODECEMSPINOSUS" 18 1981 0.0132630996219163
"MYOXOCEPHALUS_SCORPIUS" 19 1981 0.0093686681662473
"NEZUMIA_BAIRDI" 20 1981 0.107320492187547
"NOTACANTHIDAE" 21 1981 0
"NOTACANTHUS_NASUS" 22 1981 0.090211154687493
"RAJA_SPINICAUDA" 23 1981 0.678180750871328
"RAJA_RADIATA" 24 1981 4.35258176862504
"RAJA_SENTA" 25 1981 0.226801539809194
"REINHARDTIUS_HIPPOGLOSSOIDES" 26 1981 11.5131427960361
"SEBASTES_MARINUS" 27 1981 0.577955714997439
"SEBASTES_MENTELLA" 28 1981 6.74828469483154
"UROPHYCIS_CHESTERI" 29 1981 0.00457444243617412
"UROPHYCIS_TENUIS" 30 1981 0.00129533678756477
"ANARHICHAS_DENTICULATUS" 1 1982 8.85474419894789
"ANARHICHAS_LUPUS" 2 1982 1.40445653694732
"ANARHICHAS_MINOR" 3 1982 2.36061961416555
"CENTROSCYLLIUM_FABRICII" 4 1982 0.319820353789279
"CORYPHAENOIDES_RUPESTRIS" 5 1982 0.248646418975261
"COTTUNCULUS_MICROPS" 6 1982 0.0237513407233087
"CYCLOPTERUS_LUMPUS" 7 1982 0.392725389802564
"ENCHELYOPUS_CIMBRIUS" 8 1982 0.00194333712530261
"EUMICROTREMUS_SP" 9 1982 0.00491317345294532
"GADUS_MORHUA" 10 1982 27.1801294027773
"GLYPTOCEPHALUS_CYNOGLOSSUS" 11 1982 2.58778668691236
"HIPPOGLOSSOIDES_PLATESSOIDES" 12 1982 11.568501079792
"LIMANDA_FERRUGINEA" 13 1982 0.0904549313275208
"LYCODES_ESMARKI" 14 1982 0.0628283747096844
"LYCODES_RETICULATUS" 15 1982 0.828972912330513
"LYCODES_VAHLII" 16 1982 0.281418161284534
"MACROURUS_BERGLAX" 17 1982 2.67699670951287
"MYOXOCEPHALUS_OCTODECEMSPINOSUS" 18 1982 0.00652369118406238
"MYOXOCEPHALUS_SCORPIUS" 19 1982 0.0266158500624368
"NEZUMIA_BAIRDI" 20 1982 0.0586224464082916
"NOTACANTHIDAE" 21 1982 0
"NOTACANTHUS_NASUS" 22 1982 0.0938537652323188
"RAJA_SPINICAUDA" 23 1982 0.718383313326105
"RAJA_RADIATA" 24 1982 2.97986176250658
"RAJA_SENTA" 25 1982 0.358377467327467
"REINHARDTIUS_HIPPOGLOSSOIDES" 26 1982 14.462708097171
"SEBASTES_MARINUS" 27 1982 0.553078107405418
"SEBASTES_MENTELLA" 28 1982 3.82819366249725
"UROPHYCIS_CHESTERI" 29 1982 0.00152475363079885
"UROPHYCIS_TENUIS" 30 1982 0
"ANARHICHAS_DENTICULATUS" 1 1983 7.52770644746028
"ANARHICHAS_LUPUS" 2 1983 1.4684456724326
"ANARHICHAS_MINOR" 3 1983 1.46297038499433
"CENTROSCYLLIUM_FABRICII" 4 1983 0.594569410419634
"CORYPHAENOIDES_RUPESTRIS" 5 1983 0.334362947041698
"COTTUNCULUS_MICROPS" 6 1983 0.0132730605606639
"CYCLOPTERUS_LUMPUS" 7 1983 0.167418591750572
"ENCHELYOPUS_CIMBRIUS" 8 1983 0.000289516609697076
"EUMICROTREMUS_SP" 9 1983 0.00589959039319623
"GADUS_MORHUA" 10 1983 27.0907428515294
"GLYPTOCEPHALUS_CYNOGLOSSUS" 11 1983 3.11338496584314
"HIPPOGLOSSOIDES_PLATESSOIDES" 12 1983 15.6337757888822
"LIMANDA_FERRUGINEA" 13 1983 0.276568221296448
"LYCODES_ESMARKI" 14 1983 0.0452666433400494
"LYCODES_RETICULATUS" 15 1983 0.766025263938928
"LYCODES_VAHLII" 16 1983 0.26058944209618
"MACROURUS_BERGLAX" 17 1983 1.96952896826958
"MYOXOCEPHALUS_OCTODECEMSPINOSUS" 18 1983 0.00702441218163763
"MYOXOCEPHALUS_SCORPIUS" 19 1983 0.0195201236165941
"NEZUMIA_BAIRDI" 20 1983 0.0309349392055594
"NOTACANTHIDAE" 21 1983 0
"NOTACANTHUS_NASUS" 22 1983 0.129561862351654
"RAJA_SPINICAUDA" 23 1983 0.773424059920509
"RAJA_RADIATA" 24 1983 2.98963807282302
"RAJA_SENTA" 25 1983 0.30559161853254
"REINHARDTIUS_HIPPOGLOSSOIDES" 26 1983 10.4361335046403
"SEBASTES_MARINUS" 27 1983 1.05017098299567
"SEBASTES_MENTELLA" 28 1983 6.62353321174632
"UROPHYCIS_CHESTERI" 29 1983 0.000785340314136126
"UROPHYCIS_TENUIS" 30 1983 0
"ANARHICHAS_DENTICULATUS" 1 1984 6.01184533658922
"ANARHICHAS_LUPUS" 2 1984 1.40457128632265
"ANARHICHAS_MINOR" 3 1984 1.70038151881483
"CENTROSCYLLIUM_FABRICII" 4 1984 0.344198971316842
"CORYPHAENOIDES_RUPESTRIS" 5 1984 0.389795329640656
"COTTUNCULUS_MICROPS" 6 1984 0.0183589569601467
"CYCLOPTERUS_LUMPUS" 7 1984 0.16548820101226
"ENCHELYOPUS_CIMBRIUS" 8 1984 0.00103197801213362
"EUMICROTREMUS_SP" 9 1984 0.012398044064935
"GADUS_MORHUA" 10 1984 30.9529024794948
"GLYPTOCEPHALUS_CYNOGLOSSUS" 11 1984 2.94924535669078
"HIPPOGLOSSOIDES_PLATESSOIDES" 12 1984 19.8313938773441
"LIMANDA_FERRUGINEA" 13 1984 0.963209535991341
"LYCODES_ESMARKI" 14 1984 0.0317568853223006
"LYCODES_RETICULATUS" 15 1984 1.16276903945615
"LYCODES_VAHLII" 16 1984 0.22778298713594
"MACROURUS_BERGLAX" 17 1984 2.12580279790597
"MYOXOCEPHALUS_OCTODECEMSPINOSUS" 18 1984 0.0138330623841773
"MYOXOCEPHALUS_SCORPIUS" 19 1984 0.019328866146859
"NEZUMIA_BAIRDI" 20 1984 0.0705590207616951
"NOTACANTHIDAE" 21 1984 0
"NOTACANTHUS_NASUS" 22 1984 0.155672308698071
"RAJA_SPINICAUDA" 23 1984 0.896708961792652
"RAJA_RADIATA" 24 1984 4.42077318344969
"RAJA_SENTA" 25 1984 0.219013769688207
"REINHARDTIUS_HIPPOGLOSSOIDES" 26 1984 10.0215780066901
"SEBASTES_MARINUS" 27 1984 0.419112318638447
"SEBASTES_MENTELLA" 28 1984 5.6099273565553
"UROPHYCIS_CHESTERI" 29 1984 0.00170850844687953
"UROPHYCIS_TENUIS" 30 1984 0
"ANARHICHAS_DENTICULATUS" 1 1985 5.68363090305067
"ANARHICHAS_LUPUS" 2 1985 0.821448726758887
"ANARHICHAS_MINOR" 3 1985 0.739200361555917
"CENTROSCYLLIUM_FABRICII" 4 1985 0.372606049570251
"CORYPHAENOIDES_RUPESTRIS" 5 1985 0.84942442987639
"COTTUNCULUS_MICROPS" 6 1985 0.00812721397437739
"CYCLOPTERUS_LUMPUS" 7 1985 0.184725612751056
"ENCHELYOPUS_CIMBRIUS" 8 1985 0.00109087588858208
"EUMICROTREMUS_SP" 9 1985 0.0137833809077465
"GADUS_MORHUA" 10 1985 16.6817644729026
"GLYPTOCEPHALUS_CYNOGLOSSUS" 11 1985 2.16510891943994
"HIPPOGLOSSOIDES_PLATESSOIDES" 12 1985 12.0992409651083
"LIMANDA_FERRUGINEA" 13 1985 0.590029975244461
"LYCODES_ESMARKI" 14 1985 0.0194052910941347
"LYCODES_RETICULATUS" 15 1985 0.743552919477809
"LYCODES_VAHLII" 16 1985 0.121037185002887
"MACROURUS_BERGLAX" 17 1985 1.27542934083427
"MYOXOCEPHALUS_OCTODECEMSPINOSUS" 18 1985 0.00541719462865121
"MYOXOCEPHALUS_SCORPIUS" 19 1985 0.0165832897738879
"NEZUMIA_BAIRDI" 20 1985 0.0618522140143965
"NOTACANTHIDAE" 21 1985 0
"NOTACANTHUS_NASUS" 22 1985 0.152648941927089
"RAJA_SPINICAUDA" 23 1985 0.728148065965958
"RAJA_RADIATA" 24 1985 3.56753545902178
"RAJA_SENTA" 25 1985 0.138944618887485
"REINHARDTIUS_HIPPOGLOSSOIDES" 26 1985 6.7038169563217
"SEBASTES_MARINUS" 27 1985 0.40505677979117
"SEBASTES_MENTELLA" 28 1985 3.46816603955265
"UROPHYCIS_CHESTERI" 29 1985 0.00185224939706512
"UROPHYCIS_TENUIS" 30 1985 0
"ANARHICHAS_DENTICULATUS" 1 1986 4.86231609755135
"ANARHICHAS_LUPUS" 2 1986 0.535239194409175
"ANARHICHAS_MINOR" 3 1986 1.00347815206165
"CENTROSCYLLIUM_FABRICII" 4 1986 0.589959738452114
"CORYPHAENOIDES_RUPESTRIS" 5 1986 0.142853944147168
"COTTUNCULUS_MICROPS" 6 1986 0.0275465441309
"CYCLOPTERUS_LUMPUS" 7 1986 0.608274667972321
"ENCHELYOPUS_CIMBRIUS" 8 1986 0.000576368876080692
"EUMICROTREMUS_SP" 9 1986 0.017981560455889
"GADUS_MORHUA" 10 1986 30.2009262301027
"GLYPTOCEPHALUS_CYNOGLOSSUS" 11 1986 1.52473701373471
"HIPPOGLOSSOIDES_PLATESSOIDES" 12 1986 9.83703870889912
"LIMANDA_FERRUGINEA" 13 1986 0.151845671841116
"LYCODES_ESMARKI" 14 1986 0.0367015524405949
"LYCODES_RETICULATUS" 15 1986 0.628462177762856
"LYCODES_VAHLII" 16 1986 0.167334271091961
"MACROURUS_BERGLAX" 17 1986 1.25814035608699
"MYOXOCEPHALUS_OCTODECEMSPINOSUS" 18 1986 0.00288392663790375
"MYOXOCEPHALUS_SCORPIUS" 19 1986 0.043449577089255
"NEZUMIA_BAIRDI" 20 1986 0.0595686052669856
"NOTACANTHIDAE" 21 1986 0.10065783461677
"NOTACANTHUS_NASUS" 22 1986 0.0100864553314121
"RAJA_SPINICAUDA" 23 1986 0.411117603170557
"RAJA_RADIATA" 24 1986 2.94877730399496
"RAJA_SENTA" 25 1986 0.178495528119152
"REINHARDTIUS_HIPPOGLOSSOIDES" 26 1986 5.16084599304214
"SEBASTES_MARINUS" 27 1986 0.187649708494594
"SEBASTES_MENTELLA" 28 1986 1.83082141840544
"UROPHYCIS_CHESTERI" 29 1986 0
"UROPHYCIS_TENUIS" 30 1986 0
"ANARHICHAS_DENTICULATUS" 1 1987 3.0172559434774
"ANARHICHAS_LUPUS" 2 1987 0.532650499026898
"ANARHICHAS_MINOR" 3 1987 1.13938036162023
"CENTROSCYLLIUM_FABRICII" 4 1987 0.261117225748872
"CORYPHAENOIDES_RUPESTRIS" 5 1987 0.0797084745159949
"COTTUNCULUS_MICROPS" 6 1987 0.00848021765226733
"CYCLOPTERUS_LUMPUS" 7 1987 0.340653193420869
"ENCHELYOPUS_CIMBRIUS" 8 1987 0.0011877294282701
"EUMICROTREMUS_SP" 9 1987 0.00737728869171812
"GADUS_MORHUA" 10 1987 19.4935546856636
"GLYPTOCEPHALUS_CYNOGLOSSUS" 11 1987 1.21062189747752
"HIPPOGLOSSOIDES_PLATESSOIDES" 12 1987 8.91151143843839
"LIMANDA_FERRUGINEA" 13 1987 0.308142361705684
"LYCODES_ESMARKI" 14 1987 0.00917224705803489
"LYCODES_RETICULATUS" 15 1987 0.791046954261574
"LYCODES_VAHLII" 16 1987 0.0996823242374489
"MACROURUS_BERGLAX" 17 1987 1.05809937614052
"MYOXOCEPHALUS_OCTODECEMSPINOSUS" 18 1987 0.00136363636363636
"MYOXOCEPHALUS_SCORPIUS" 19 1987 0.0283506889700937
"NEZUMIA_BAIRDI" 20 1987 0.0330228751313818
"NOTACANTHIDAE" 21 1987 0.0115909090909091
"NOTACANTHUS_NASUS" 22 1987 0.0767258696039739
"RAJA_SPINICAUDA" 23 1987 0.361431428623428
"RAJA_RADIATA" 24 1987 2.44709554580978
"RAJA_SENTA" 25 1987 0.105187248966304
"REINHARDTIUS_HIPPOGLOSSOIDES" 26 1987 4.8818788524304
"SEBASTES_MARINUS" 27 1987 0.320789650672076
"SEBASTES_MENTELLA" 28 1987 1.45107542942415
"UROPHYCIS_CHESTERI" 29 1987 0.000734647182913616
"UROPHYCIS_TENUIS" 30 1987 0
"ANARHICHAS_DENTICULATUS" 1 1988 3.97100807583963
"ANARHICHAS_LUPUS" 2 1988 0.658631416692241
"ANARHICHAS_MINOR" 3 1988 1.02832817217255
"CENTROSCYLLIUM_FABRICII" 4 1988 0.174879860843881
"CORYPHAENOIDES_RUPESTRIS" 5 1988 0.159684565600076
"COTTUNCULUS_MICROPS" 6 1988 0.0194792574119047
"CYCLOPTERUS_LUMPUS" 7 1988 0.456353990985763
"ENCHELYOPUS_CIMBRIUS" 8 1988 0.000671631791977891
"EUMICROTREMUS_SP" 9 1988 0.0169146593672994
"GADUS_MORHUA" 10 1988 17.4019366553834
"GLYPTOCEPHALUS_CYNOGLOSSUS" 11 1988 1.03959254930995
"HIPPOGLOSSOIDES_PLATESSOIDES" 12 1988 10.2733487723056
"LIMANDA_FERRUGINEA" 13 1988 0.202071214725725
"LYCODES_ESMARKI" 14 1988 0.00559705439143849
"LYCODES_RETICULATUS" 15 1988 1.12403093164916
"LYCODES_VAHLII" 16 1988 0.0849528224377763
"MACROURUS_BERGLAX" 17 1988 0.741285975679447
"MYOXOCEPHALUS_OCTODECEMSPINOSUS" 18 1988 0.00639701506853601
"MYOXOCEPHALUS_SCORPIUS" 19 1988 0.045533391708901
"NEZUMIA_BAIRDI" 20 1988 0.021099092948039
"NOTACANTHIDAE" 21 1988 0.0072289156626506
"NOTACANTHUS_NASUS" 22 1988 0.00964437459984867
"RAJA_SPINICAUDA" 23 1988 0.354779913969492
"RAJA_RADIATA" 24 1988 3.4111689168518
"RAJA_SENTA" 25 1988 0.0928772833871088
"REINHARDTIUS_HIPPOGLOSSOIDES" 26 1988 4.38087444564327
"SEBASTES_MARINUS" 27 1988 0.138732903160917
"SEBASTES_MENTELLA" 28 1988 1.26051006976577
"UROPHYCIS_CHESTERI" 29 1988 2.40963855421687e-05
"UROPHYCIS_TENUIS" 30 1988 0.000481927710843373
"ANARHICHAS_DENTICULATUS" 1 1989 2.44981816250914
"ANARHICHAS_LUPUS" 2 1989 0.566165783525768
"ANARHICHAS_MINOR" 3 1989 0.932206245856644
"CENTROSCYLLIUM_FABRICII" 4 1989 0.0869657887248154
"CORYPHAENOIDES_RUPESTRIS" 5 1989 0.104876933264662
"COTTUNCULUS_MICROPS" 6 1989 0.0219541884146887
"CYCLOPTERUS_LUMPUS" 7 1989 0.414562511813266
"ENCHELYOPUS_CIMBRIUS" 8 1989 0.00218751280365707
"EUMICROTREMUS_SP" 9 1989 0.0227850815181122
"GADUS_MORHUA" 10 1989 15.1962731953807
"GLYPTOCEPHALUS_CYNOGLOSSUS" 11 1989 0.591644647667182
"HIPPOGLOSSOIDES_PLATESSOIDES" 12 1989 6.64124946455808
"LIMANDA_FERRUGINEA" 13 1989 0.115618431337116
"LYCODES_ESMARKI" 14 1989 0.011101025118867
"LYCODES_RETICULATUS" 15 1989 0.732157410818766
"LYCODES_VAHLII" 16 1989 0.133505187960053
"MACROURUS_BERGLAX" 17 1989 0.467274103197816
"MYOXOCEPHALUS_OCTODECEMSPINOSUS" 18 1989 0.00332161054450188
"MYOXOCEPHALUS_SCORPIUS" 19 1989 0.0417422271492328
"NEZUMIA_BAIRDI" 20 1989 0.0130137316689766
"NOTACANTHIDAE" 21 1989 0.0159011709348241
"NOTACANTHUS_NASUS" 22 1989 0.00597609561752988
"RAJA_SPINICAUDA" 23 1989 0.279149154584918
"RAJA_RADIATA" 24 1989 2.1211645194736
"RAJA_SENTA" 25 1989 0.102909282280597
"REINHARDTIUS_HIPPOGLOSSOIDES" 26 1989 3.53744869184506
"SEBASTES_MARINUS" 27 1989 0.230570329939415
"SEBASTES_MENTELLA" 28 1989 0.88717970418085
"UROPHYCIS_CHESTERI" 29 1989 0
"UROPHYCIS_TENUIS" 30 1989 0
"ANARHICHAS_DENTICULATUS" 1 1990 2.18934569548821
"ANARHICHAS_LUPUS" 2 1990 0.349439235816156
"ANARHICHAS_MINOR" 3 1990 0.720300336681601
"CENTROSCYLLIUM_FABRICII" 4 1990 0.188057368573832
"CORYPHAENOIDES_RUPESTRIS" 5 1990 0.110274335872732
"COTTUNCULUS_MICROPS" 6 1990 0.0227912505358961
"CYCLOPTERUS_LUMPUS" 7 1990 0.256410570305582
"ENCHELYOPUS_CIMBRIUS" 8 1990 0.00102536130690369
"EUMICROTREMUS_SP" 9 1990 0.0140203547313806
"GADUS_MORHUA" 10 1990 10.3690538864193
"GLYPTOCEPHALUS_CYNOGLOSSUS" 11 1990 0.654064237907219
"HIPPOGLOSSOIDES_PLATESSOIDES" 12 1990 5.46783375108556
"LIMANDA_FERRUGINEA" 13 1990 0.148800998296478
"LYCODES_ESMARKI" 14 1990 0.00837885681234874
"LYCODES_RETICULATUS" 15 1990 0.507621370912212
"LYCODES_VAHLII" 16 1990 0.0694835353378623
"MACROURUS_BERGLAX" 17 1990 0.784156933802275
"MYOXOCEPHALUS_OCTODECEMSPINOSUS" 18 1990 0.00343532414802655
"MYOXOCEPHALUS_SCORPIUS" 19 1990 0.0491703060123362
"NEZUMIA_BAIRDI" 20 1990 0.0562639179448197
"NOTACANTHIDAE" 21 1990 0.0908297727123547
"NOTACANTHUS_NASUS" 22 1990 0.0119498827416581
"RAJA_SPINICAUDA" 23 1990 0.331429072588152
"RAJA_RADIATA" 24 1990 2.64798972096101
"RAJA_SENTA" 25 1990 0.0698717595153878
"REINHARDTIUS_HIPPOGLOSSOIDES" 26 1990 4.25131730944439
"SEBASTES_MARINUS" 27 1990 0.235386668345797
"SEBASTES_MENTELLA" 28 1990 1.18118576200609
"UROPHYCIS_CHESTERI" 29 1990 0
"UROPHYCIS_TENUIS" 30 1990 0
"ANARHICHAS_DENTICULATUS" 1 1991 1.20214937429607
"ANARHICHAS_LUPUS" 2 1991 0.423896495427547
"ANARHICHAS_MINOR" 3 1991 0.511459200998483
"CENTROSCYLLIUM_FABRICII" 4 1991 0.065384935135703
"CORYPHAENOIDES_RUPESTRIS" 5 1991 0.124284618292459
"COTTUNCULUS_MICROPS" 6 1991 0.0427622684008151
"CYCLOPTERUS_LUMPUS" 7 1991 0.346839261892794
"ENCHELYOPUS_CIMBRIUS" 8 1991 0.000671676307534372
"EUMICROTREMUS_SP" 9 1991 0.00713129019846218
"GADUS_MORHUA" 10 1991 5.67856751179994
"GLYPTOCEPHALUS_CYNOGLOSSUS" 11 1991 0.474306985458639
"HIPPOGLOSSOIDES_PLATESSOIDES" 12 1991 3.42916030462333
"LIMANDA_FERRUGINEA" 13 1991 0.0703208938002287
"LYCODES_ESMARKI" 14 1991 0.00276532495969508
"LYCODES_RETICULATUS" 15 1991 0.247129401709376
"LYCODES_VAHLII" 16 1991 0.0590432367247751
"MACROURUS_BERGLAX" 17 1991 0.596403797865456
"MYOXOCEPHALUS_OCTODECEMSPINOSUS" 18 1991 0.00297378267799706
"MYOXOCEPHALUS_SCORPIUS" 19 1991 0.0461165337584616
"NEZUMIA_BAIRDI" 20 1991 0.0433027272714737
"NOTACANTHIDAE" 21 1991 0.0978329918232891
"NOTACANTHUS_NASUS" 22 1991 0.0102866526165744
"RAJA_SPINICAUDA" 23 1991 0.234689133770544
"RAJA_RADIATA" 24 1991 1.60726850462674
"RAJA_SENTA" 25 1991 0.0397684927718875
"REINHARDTIUS_HIPPOGLOSSOIDES" 26 1991 2.39318605915258
"SEBASTES_MARINUS" 27 1991 0.0733117289279034
"SEBASTES_MENTELLA" 28 1991 0.553263137110303
"UROPHYCIS_CHESTERI" 29 1991 0.000492498520136542
"UROPHYCIS_TENUIS" 30 1991 0
"ANARHICHAS_DENTICULATUS" 1 1992 0.613934020555318
"ANARHICHAS_LUPUS" 2 1992 0.231550702493555
"ANARHICHAS_MINOR" 3 1992 0.343311526613961
"CENTROSCYLLIUM_FABRICII" 4 1992 0.00864428217062282
"CORYPHAENOIDES_RUPESTRIS" 5 1992 0.011811091745921
"COTTUNCULUS_MICROPS" 6 1992 0.0243109759423462
"CYCLOPTERUS_LUMPUS" 7 1992 0.165568936752259
"ENCHELYOPUS_CIMBRIUS" 8 1992 0.000530284865151853
"EUMICROTREMUS_SP" 9 1992 0.0142779606842867
"GADUS_MORHUA" 10 1992 2.25888258954168
"GLYPTOCEPHALUS_CYNOGLOSSUS" 11 1992 0.200078327495569
"HIPPOGLOSSOIDES_PLATESSOIDES" 12 1992 1.91860226741771
"LIMANDA_FERRUGINEA" 13 1992 0.0736277874030545
"LYCODES_ESMARKI" 14 1992 0.00407604138309245
"LYCODES_RETICULATUS" 15 1992 0.23151523506751
"LYCODES_VAHLII" 16 1992 0.0466968699684921
"MACROURUS_BERGLAX" 17 1992 0.282067953215419
"MYOXOCEPHALUS_OCTODECEMSPINOSUS" 18 1992 0.00240445162481664
"MYOXOCEPHALUS_SCORPIUS" 19 1992 0.0207590818436664
"NEZUMIA_BAIRDI" 20 1992 0.034886144889927
"NOTACANTHIDAE" 21 1992 0.0581302241854587
"NOTACANTHUS_NASUS" 22 1992 0.0102321169271348
"RAJA_SPINICAUDA" 23 1992 0.102856110197998
"RAJA_RADIATA" 24 1992 1.10504597815524
"RAJA_SENTA" 25 1992 0.0133303659996597
"REINHARDTIUS_HIPPOGLOSSOIDES" 26 1992 1.88948678619207
"SEBASTES_MARINUS" 27 1992 0.0317929954492188
"SEBASTES_MENTELLA" 28 1992 0.360222607971506
"UROPHYCIS_CHESTERI" 29 1992 0.000511363636363636
"UROPHYCIS_TENUIS" 30 1992 0
"ANARHICHAS_DENTICULATUS" 1 1993 0.308991576586257
"ANARHICHAS_LUPUS" 2 1993 0.227792063798478
"ANARHICHAS_MINOR" 3 1993 0.106037123395417
"CENTROSCYLLIUM_FABRICII" 4 1993 0.0623844302168083
"CORYPHAENOIDES_RUPESTRIS" 5 1993 0.0467874462899871
"COTTUNCULUS_MICROPS" 6 1993 0.045610579332941
"CYCLOPTERUS_LUMPUS" 7 1993 0.131817522345165
"ENCHELYOPUS_CIMBRIUS" 8 1993 0.00265834657383239
"EUMICROTREMUS_SP" 9 1993 0.0182180147004485
"GADUS_MORHUA" 10 1993 0.929043693140161
"GLYPTOCEPHALUS_CYNOGLOSSUS" 11 1993 0.152253064302942
"HIPPOGLOSSOIDES_PLATESSOIDES" 12 1993 1.30648768857161
"LIMANDA_FERRUGINEA" 13 1993 0.0415650667632031
"LYCODES_ESMARKI" 14 1993 0.0115278169470712
"LYCODES_RETICULATUS" 15 1993 0.244969395888067
"LYCODES_VAHLII" 16 1993 0.0719591847475049
"MACROURUS_BERGLAX" 17 1993 0.168192519492937
"MYOXOCEPHALUS_OCTODECEMSPINOSUS" 18 1993 0.00226151929564576
"MYOXOCEPHALUS_SCORPIUS" 19 1993 0.0245854229892764
"NEZUMIA_BAIRDI" 20 1993 0.0763836880602461
"NOTACANTHIDAE" 21 1993 0.031180982008865
"NOTACANTHUS_NASUS" 22 1993 0.00680109623675899
"RAJA_SPINICAUDA" 23 1993 0.0418057368548194
"RAJA_RADIATA" 24 1993 0.846408724870567
"RAJA_SENTA" 25 1993 0.0283672911143223
"REINHARDTIUS_HIPPOGLOSSOIDES" 26 1993 3.45681071935758
"SEBASTES_MARINUS" 27 1993 0.0332568119496035
"SEBASTES_MENTELLA" 28 1993 0.431662887309728
"UROPHYCIS_CHESTERI" 29 1993 0
"UROPHYCIS_TENUIS" 30 1993 0
"ANARHICHAS_DENTICULATUS" 1 1994 0.300093795803097
"ANARHICHAS_LUPUS" 2 1994 0.122280832471022
"ANARHICHAS_MINOR" 3 1994 0.0989087622841528
"CENTROSCYLLIUM_FABRICII" 4 1994 0.0538659897966541
"CORYPHAENOIDES_RUPESTRIS" 5 1994 0.0310192098692117
"COTTUNCULUS_MICROPS" 6 1994 0.023817346828218
"CYCLOPTERUS_LUMPUS" 7 1994 0.370824206846892
"ENCHELYOPUS_CIMBRIUS" 8 1994 0.000279237729484683
"EUMICROTREMUS_SP" 9 1994 0.014273296676436
"GADUS_MORHUA" 10 1994 0.336262021004673
"GLYPTOCEPHALUS_CYNOGLOSSUS" 11 1994 0.154119229407885
"HIPPOGLOSSOIDES_PLATESSOIDES" 12 1994 0.84669454530836
"LIMANDA_FERRUGINEA" 13 1994 0.00146092000164624
"LYCODES_ESMARKI" 14 1994 0.00688776676140341
"LYCODES_RETICULATUS" 15 1994 0.100736205759609
"LYCODES_VAHLII" 16 1994 0.0395638148454
"MACROURUS_BERGLAX" 17 1994 0.213213816449657
"MYOXOCEPHALUS_OCTODECEMSPINOSUS" 18 1994 0
"MYOXOCEPHALUS_SCORPIUS" 19 1994 0.00397776750827832
"NEZUMIA_BAIRDI" 20 1994 0.0812840976491671
"NOTACANTHIDAE" 21 1994 0.0126894328095774
"NOTACANTHUS_NASUS" 22 1994 0.00424468120938272
"RAJA_SPINICAUDA" 23 1994 0.014598778876346
"RAJA_RADIATA" 24 1994 0.596766238367338
"RAJA_SENTA" 25 1994 0.0113665777305903
"REINHARDTIUS_HIPPOGLOSSOIDES" 26 1994 4.04816813661981
"SEBASTES_MARINUS" 27 1994 0.0152618834429512
"SEBASTES_MENTELLA" 28 1994 0.516912223332963
"UROPHYCIS_CHESTERI" 29 1994 0.000736203018079103
"UROPHYCIS_TENUIS" 30 1994 0
"ANARHICHAS_DENTICULATUS" 1 1995 0.0779200234922409
"ANARHICHAS_LUPUS" 2 1995 0.0655166599765688
"ANARHICHAS_MINOR" 3 1995 0.0369459380437174
"CENTROSCYLLIUM_FABRICII" 4 1995 0.0103225806451613
"CORYPHAENOIDES_RUPESTRIS" 5 1995 0.0114528895198146
"COTTUNCULUS_MICROPS" 6 1995 0.0170680964884805
"CYCLOPTERUS_LUMPUS" 7 1995 0.258487450047108
"ENCHELYOPUS_CIMBRIUS" 8 1995 0.00458385587058482
"EUMICROTREMUS_SP" 9 1995 0.0381346109654111
"GADUS_MORHUA" 10 1995 0.539864555690977
"GLYPTOCEPHALUS_CYNOGLOSSUS" 11 1995 0.0401825754280989
"HIPPOGLOSSOIDES_PLATESSOIDES" 12 1995 2.92128873203279
"LIMANDA_FERRUGINEA" 13 1995 0.0666756584119741
"LYCODES_ESMARKI" 14 1995 0.00678790444276151
"LYCODES_RETICULATUS" 15 1995 0.484641224177592
"LYCODES_VAHLII" 16 1995 0.173006199782692
"MACROURUS_BERGLAX" 17 1995 0.0384178985445886
"MYOXOCEPHALUS_OCTODECEMSPINOSUS" 18 1995 0.00142550363153232
"MYOXOCEPHALUS_SCORPIUS" 19 1995 0.00855574418914334
"NEZUMIA_BAIRDI" 20 1995 0.113307925424853
"NOTACANTHIDAE" 21 1995 0.0319744229556859
"NOTACANTHUS_NASUS" 22 1995 0.00161290322580645
"RAJA_SPINICAUDA" 23 1995 0.0110090504091853
"RAJA_RADIATA" 24 1995 0.640139394174055
"RAJA_SENTA" 25 1995 0.0148522028248855
"REINHARDTIUS_HIPPOGLOSSOIDES" 26 1995 2.2958580368566
"SEBASTES_MARINUS" 27 1995 0.0207454382443248
"SEBASTES_MENTELLA" 28 1995 0.445898215988953
"UROPHYCIS_CHESTERI" 29 1995 0.00248157694820742
"UROPHYCIS_TENUIS" 30 1995 8.60215064516129e-05
"ANARHICHAS_DENTICULATUS" 1 1996 0.348479514169929
"ANARHICHAS_LUPUS" 2 1996 0.0790928060054348
"ANARHICHAS_MINOR" 3 1996 0.0139138840093002
"CENTROSCYLLIUM_FABRICII" 4 1996 0.183068391721354
"CORYPHAENOIDES_RUPESTRIS" 5 1996 0.809825545826595
"COTTUNCULUS_MICROPS" 6 1996 0.0191249271001995
"CYCLOPTERUS_LUMPUS" 7 1996 0.37039702859913
"ENCHELYOPUS_CIMBRIUS" 8 1996 0.00583662783157299
"EUMICROTREMUS_SP" 9 1996 0.0345632186109359
"GADUS_MORHUA" 10 1996 0.520750057576123
"GLYPTOCEPHALUS_CYNOGLOSSUS" 11 1996 0.0988816179351531
"HIPPOGLOSSOIDES_PLATESSOIDES" 12 1996 1.90112015919675
"LIMANDA_FERRUGINEA" 13 1996 0.0459825089422789
"LYCODES_ESMARKI" 14 1996 0.0209434575759514
"LYCODES_RETICULATUS" 15 1996 0.412318651146452
"LYCODES_VAHLII" 16 1996 0.100650274915772
"MACROURUS_BERGLAX" 17 1996 0.821016347208373
"MYOXOCEPHALUS_OCTODECEMSPINOSUS" 18 1996 0.0118834945447803
"MYOXOCEPHALUS_SCORPIUS" 19 1996 0.0299134917140975
"NEZUMIA_BAIRDI" 20 1996 0.34162714770942
"NOTACANTHIDAE" 21 1996 0.203047958296775
"NOTACANTHUS_NASUS" 22 1996 0.0208710001534939
"RAJA_SPINICAUDA" 23 1996 0.142626372074808
"RAJA_RADIATA" 24 1996 0.5914552925197
"RAJA_SENTA" 25 1996 0.00552478341995356
"REINHARDTIUS_HIPPOGLOSSOIDES" 26 1996 6.64715056101762
"SEBASTES_MARINUS" 27 1996 0.0276429244143144
"SEBASTES_MENTELLA" 28 1996 0.578574494957754
"UROPHYCIS_CHESTERI" 29 1996 0.00218046831938378
"UROPHYCIS_TENUIS" 30 1996 0
"ANARHICHAS_DENTICULATUS" 1 1997 0.423845883675958
"ANARHICHAS_LUPUS" 2 1997 0.0570074437961589
"ANARHICHAS_MINOR" 3 1997 0.0689798221652416
"CENTROSCYLLIUM_FABRICII" 4 1997 0.132558176408442
"CORYPHAENOIDES_RUPESTRIS" 5 1997 0.589806677469414
"COTTUNCULUS_MICROPS" 6 1997 0.0134099054788508
"CYCLOPTERUS_LUMPUS" 7 1997 0.295631347264127
"ENCHELYOPUS_CIMBRIUS" 8 1997 0.00486673001770731
"EUMICROTREMUS_SP" 9 1997 0.0390975212979296
"GADUS_MORHUA" 10 1997 0.608729128325873
"GLYPTOCEPHALUS_CYNOGLOSSUS" 11 1997 0.0727091718466549
"HIPPOGLOSSOIDES_PLATESSOIDES" 12 1997 1.88039348280512
"LIMANDA_FERRUGINEA" 13 1997 0.0205144659090407
"LYCODES_ESMARKI" 14 1997 0.0091890492485573
"LYCODES_RETICULATUS" 15 1997 0.345037251265843
"LYCODES_VAHLII" 16 1997 0.0716796115674231
"MACROURUS_BERGLAX" 17 1997 0.887000673372455
"MYOXOCEPHALUS_OCTODECEMSPINOSUS" 18 1997 0.00679790131541422
"MYOXOCEPHALUS_SCORPIUS" 19 1997 0.0214952058901113
"NEZUMIA_BAIRDI" 20 1997 0.269149838298472
"NOTACANTHIDAE" 21 1997 0.202244553068502
"NOTACANTHUS_NASUS" 22 1997 0
"RAJA_SPINICAUDA" 23 1997 0.179936459729681
"RAJA_RADIATA" 24 1997 0.595480979567512
"RAJA_SENTA" 25 1997 0.00391766507887433
"REINHARDTIUS_HIPPOGLOSSOIDES" 26 1997 7.21787061652614
"SEBASTES_MARINUS" 27 1997 0.00897644712972345
"SEBASTES_MENTELLA" 28 1997 0.649780170260728
"UROPHYCIS_CHESTERI" 29 1997 0.00371117365659322
"UROPHYCIS_TENUIS" 30 1997 0
"ANARHICHAS_DENTICULATUS" 1 1998 0.364623630765087
"ANARHICHAS_LUPUS" 2 1998 0.0869109742275037
"ANARHICHAS_MINOR" 3 1998 0.0891727310222442
"CENTROSCYLLIUM_FABRICII" 4 1998 0.138685669662569
"CORYPHAENOIDES_RUPESTRIS" 5 1998 0.485353126907189
"COTTUNCULUS_MICROPS" 6 1998 0.0091564203281731
"CYCLOPTERUS_LUMPUS" 7 1998 0.238413447229893
"ENCHELYOPUS_CIMBRIUS" 8 1998 0.00452283859232779
"EUMICROTREMUS_SP" 9 1998 0.043460499372685
"GADUS_MORHUA" 10 1998 0.554202057068383
"GLYPTOCEPHALUS_CYNOGLOSSUS" 11 1998 0.120437603544291
"HIPPOGLOSSOIDES_PLATESSOIDES" 12 1998 2.04664277647149
"LIMANDA_FERRUGINEA" 13 1998 0.0482577724815638
"LYCODES_ESMARKI" 14 1998 0.0182413738664345
"LYCODES_RETICULATUS" 15 1998 0.352428156530556
"LYCODES_VAHLII" 16 1998 0.143344684727814
"MACROURUS_BERGLAX" 17 1998 1.03701585301807
"MYOXOCEPHALUS_OCTODECEMSPINOSUS" 18 1998 0.00299500346758839
"MYOXOCEPHALUS_SCORPIUS" 19 1998 0.0242696838623323
"NEZUMIA_BAIRDI" 20 1998 0.293172252258811
"NOTACANTHIDAE" 21 1998 0.137998810930086
"NOTACANTHUS_NASUS" 22 1998 0.0184167358009789
"RAJA_SPINICAUDA" 23 1998 0.228951449659797
"RAJA_RADIATA" 24 1998 0.625186254421993
"RAJA_SENTA" 25 1998 0.00687789842010634
"REINHARDTIUS_HIPPOGLOSSOIDES" 26 1998 7.37951953793014
"SEBASTES_MARINUS" 27 1998 0.0355097355063317
"SEBASTES_MENTELLA" 28 1998 1.00685428402263
"UROPHYCIS_CHESTERI" 29 1998 0.0039815872093784
"UROPHYCIS_TENUIS" 30 1998 0
"ANARHICHAS_DENTICULATUS" 1 1999 0.603193668656014
"ANARHICHAS_LUPUS" 2 1999 0.099808606489666
"ANARHICHAS_MINOR" 3 1999 0.0709167165669688
"CENTROSCYLLIUM_FABRICII" 4 1999 0.194068090115055
"CORYPHAENOIDES_RUPESTRIS" 5 1999 0.406076073409822
"COTTUNCULUS_MICROPS" 6 1999 0.0103910428051479
"CYCLOPTERUS_LUMPUS" 7 1999 0.788115186376804
"ENCHELYOPUS_CIMBRIUS" 8 1999 0.00492394136503134
"EUMICROTREMUS_SP" 9 1999 0.0430537169612045
"GADUS_MORHUA" 10 1999 0.80678975414808
"GLYPTOCEPHALUS_CYNOGLOSSUS" 11 1999 0.0825313161876547
"HIPPOGLOSSOIDES_PLATESSOIDES" 12 1999 1.94811326689189
"LIMANDA_FERRUGINEA" 13 1999 0.0988244257585199
"LYCODES_ESMARKI" 14 1999 0.0103256423198083
"LYCODES_RETICULATUS" 15 1999 0.355026003531046
"LYCODES_VAHLII" 16 1999 0.155328411983469
"MACROURUS_BERGLAX" 17 1999 0.920047288631406
"MYOXOCEPHALUS_OCTODECEMSPINOSUS" 18 1999 0.0107887485115938
"MYOXOCEPHALUS_SCORPIUS" 19 1999 0.0220079863674986
"NEZUMIA_BAIRDI" 20 1999 0.258431133712542
"NOTACANTHIDAE" 21 1999 0.090146796811837
"NOTACANTHUS_NASUS" 22 1999 0.0505832140836757
"RAJA_SPINICAUDA" 23 1999 0.170270723779389
"RAJA_RADIATA" 24 1999 0.81709103431808
"RAJA_SENTA" 25 1999 0.00713742336863757
"REINHARDTIUS_HIPPOGLOSSOIDES" 26 1999 6.78823620743368
"SEBASTES_MARINUS" 27 1999 0.0116390637942019
"SEBASTES_MENTELLA" 28 1999 0.888104514931435
"UROPHYCIS_CHESTERI" 29 1999 0.00769148369838083
"UROPHYCIS_TENUIS" 30 1999 0.00110235198193081
"ANARHICHAS_DENTICULATUS" 1 2000 0.288416850949347
"ANARHICHAS_LUPUS" 2 2000 0.1131759779179
"ANARHICHAS_MINOR" 3 2000 0.0661079753048209
"CENTROSCYLLIUM_FABRICII" 4 2000 0.141617922989062
"CORYPHAENOIDES_RUPESTRIS" 5 2000 0.489842102763659
"COTTUNCULUS_MICROPS" 6 2000 0.0233633227405363
"CYCLOPTERUS_LUMPUS" 7 2000 0.319430031106365
"ENCHELYOPUS_CIMBRIUS" 8 2000 0.00889715713711357
"EUMICROTREMUS_SP" 9 2000 0.0503162837690774
"GADUS_MORHUA" 10 2000 0.665063104130015
"GLYPTOCEPHALUS_CYNOGLOSSUS" 11 2000 0.0871322571778341
"HIPPOGLOSSOIDES_PLATESSOIDES" 12 2000 1.27996988306422
"LIMANDA_FERRUGINEA" 13 2000 0.108834818302361
"LYCODES_ESMARKI" 14 2000 0.0113693077926692
"LYCODES_RETICULATUS" 15 2000 0.242152373582929
"LYCODES_VAHLII" 16 2000 0.0955108408165002
"MACROURUS_BERGLAX" 17 2000 0.770874760538812
"MYOXOCEPHALUS_OCTODECEMSPINOSUS" 18 2000 0.011151014543181
"MYOXOCEPHALUS_SCORPIUS" 19 2000 0.0369175542821133
"NEZUMIA_BAIRDI" 20 2000 0.238358872008724
"NOTACANTHIDAE" 21 2000 0.144595920679552
"NOTACANTHUS_NASUS" 22 2000 0.0500012324886227
"RAJA_SPINICAUDA" 23 2000 0.204672227244604
"RAJA_RADIATA" 24 2000 0.683722287614231
"RAJA_SENTA" 25 2000 0.00254008225887555
"REINHARDTIUS_HIPPOGLOSSOIDES" 26 2000 6.45793177392257
"SEBASTES_MARINUS" 27 2000 0.0445610689071873
"SEBASTES_MENTELLA" 28 2000 0.715231465416241
"UROPHYCIS_CHESTERI" 29 2000 0.0124323592772151
"UROPHYCIS_TENUIS" 30 2000 0.000420985229443538
"ANARHICHAS_DENTICULATUS" 1 2001 0.324046126180159
"ANARHICHAS_LUPUS" 2 2001 0.111477520867823
"ANARHICHAS_MINOR" 3 2001 0.0564468827850293
"CENTROSCYLLIUM_FABRICII" 4 2001 0.110150253370679
"CORYPHAENOIDES_RUPESTRIS" 5 2001 0.517679044539741
"COTTUNCULUS_MICROPS" 6 2001 0.0251974236312905
"CYCLOPTERUS_LUMPUS" 7 2001 0.352060229734869
"ENCHELYOPUS_CIMBRIUS" 8 2001 0.0136704634676792
"EUMICROTREMUS_SP" 9 2001 0.0240410183531948
"GADUS_MORHUA" 10 2001 0.742216840039408
"GLYPTOCEPHALUS_CYNOGLOSSUS" 11 2001 0.0670823031130713
"HIPPOGLOSSOIDES_PLATESSOIDES" 12 2001 1.65002630126815
"LIMANDA_FERRUGINEA" 13 2001 0.330939916493617
"LYCODES_ESMARKI" 14 2001 0.00927340921905579
"LYCODES_RETICULATUS" 15 2001 0.29533725585495
"LYCODES_VAHLII" 16 2001 0.162724178526093
"MACROURUS_BERGLAX" 17 2001 0.97342555283493
"MYOXOCEPHALUS_OCTODECEMSPINOSUS" 18 2001 0.0132815786285657
"MYOXOCEPHALUS_SCORPIUS" 19 2001 0.0323719416254908
"NEZUMIA_BAIRDI" 20 2001 0.256545463145056
"NOTACANTHIDAE" 21 2001 0.126053603089946
"NOTACANTHUS_NASUS" 22 2001 0.0807647539530945
"RAJA_SPINICAUDA" 23 2001 0.183927699151286
"RAJA_RADIATA" 24 2001 0.777425826380455
"RAJA_SENTA" 25 2001 0.00468384167614373
"REINHARDTIUS_HIPPOGLOSSOIDES" 26 2001 6.72887470330741
"SEBASTES_MARINUS" 27 2001 0.02884960503115
"SEBASTES_MENTELLA" 28 2001 0.685973171997764
"UROPHYCIS_CHESTERI" 29 2001 0.00832025534929568
"UROPHYCIS_TENUIS" 30 2001 0.00076264646286124
"ANARHICHAS_DENTICULATUS" 1 2002 0.295084521748519
"ANARHICHAS_LUPUS" 2 2002 0.0633357822273079
"ANARHICHAS_MINOR" 3 2002 0.137387887394641
"CENTROSCYLLIUM_FABRICII" 4 2002 0.266930306513415
"CORYPHAENOIDES_RUPESTRIS" 5 2002 0.370508914599287
"COTTUNCULUS_MICROPS" 6 2002 0.0119731417757617
"CYCLOPTERUS_LUMPUS" 7 2002 0.34880269503955
"ENCHELYOPUS_CIMBRIUS" 8 2002 0.00397769566805793
"EUMICROTREMUS_SP" 9 2002 0.0408925421863218
"GADUS_MORHUA" 10 2002 0.430165865937242
"GLYPTOCEPHALUS_CYNOGLOSSUS" 11 2002 0.0668496432754392
"HIPPOGLOSSOIDES_PLATESSOIDES" 12 2002 1.41122648260341
"LIMANDA_FERRUGINEA" 13 2002 0.378315934873396
"LYCODES_ESMARKI" 14 2002 0.00649138678588596
"LYCODES_RETICULATUS" 15 2002 0.256255367224914
"LYCODES_VAHLII" 16 2002 0.20527501636796
"MACROURUS_BERGLAX" 17 2002 2.53890360345708
"MYOXOCEPHALUS_OCTODECEMSPINOSUS" 18 2002 0.00289664689633964
"MYOXOCEPHALUS_SCORPIUS" 19 2002 0.045434507099949
"NEZUMIA_BAIRDI" 20 2002 0.169699132282297
"NOTACANTHIDAE" 21 2002 0.0519788320259379
"NOTACANTHUS_NASUS" 22 2002 0.187893339105227
"RAJA_SPINICAUDA" 23 2002 0.123256663924124
"RAJA_RADIATA" 24 2002 0.497730099801887
"RAJA_SENTA" 25 2002 0.000959168715269051
"REINHARDTIUS_HIPPOGLOSSOIDES" 26 2002 3.73177015914698
"SEBASTES_MARINUS" 27 2002 0.00879225812369071
"SEBASTES_MENTELLA" 28 2002 0.225590952722321
"UROPHYCIS_CHESTERI" 29 2002 0.0104422276194918
"UROPHYCIS_TENUIS" 30 2002 0.00046193338301454
"ANARHICHAS_DENTICULATUS" 1 2003 0.0784711617369343
"ANARHICHAS_LUPUS" 2 2003 0.0686632120766513
"ANARHICHAS_MINOR" 3 2003 0.0378737858059311
"CENTROSCYLLIUM_FABRICII" 4 2003 0.0569546449599197
"CORYPHAENOIDES_RUPESTRIS" 5 2003 0.111410708663804
"COTTUNCULUS_MICROPS" 6 2003 0.0145266240825268
"CYCLOPTERUS_LUMPUS" 7 2003 0.495509365812676
"ENCHELYOPUS_CIMBRIUS" 8 2003 0.00553073761118629
"EUMICROTREMUS_SP" 9 2003 0.0446891329470075
"GADUS_MORHUA" 10 2003 0.729488240965254
"GLYPTOCEPHALUS_CYNOGLOSSUS" 11 2003 0.0327015340452057
"HIPPOGLOSSOIDES_PLATESSOIDES" 12 2003 0.762499212597913
"LIMANDA_FERRUGINEA" 13 2003 0.354095199686425
"LYCODES_ESMARKI" 14 2003 0.00603435103033809
"LYCODES_RETICULATUS" 15 2003 0.14680985174887
"LYCODES_VAHLII" 16 2003 0.136755969160688
"MACROURUS_BERGLAX" 17 2003 0.233806933331438
"MYOXOCEPHALUS_OCTODECEMSPINOSUS" 18 2003 0.00387812693251112
"MYOXOCEPHALUS_SCORPIUS" 19 2003 0.0369562246138081
"NEZUMIA_BAIRDI" 20 2003 0.0744752954564251
"NOTACANTHIDAE" 21 2003 0.0149661102339433
"NOTACANTHUS_NASUS" 22 2003 0.0434388909998944
"RAJA_SPINICAUDA" 23 2003 0.0430781360690125
"RAJA_RADIATA" 24 2003 0.399152644743031
"RAJA_SENTA" 25 2003 0.00292447214375353
"REINHARDTIUS_HIPPOGLOSSOIDES" 26 2003 4.26643136807122
"SEBASTES_MARINUS" 27 2003 0.0140605125898682
"SEBASTES_MENTELLA" 28 2003 0.971202391666839
"UROPHYCIS_CHESTERI" 29 2003 0.00556486440121354
"UROPHYCIS_TENUIS" 30 2003 0.000572711132405692
"ANARHICHAS_DENTICULATUS" 1 2004 0.145964525683347
"ANARHICHAS_LUPUS" 2 2004 0.0386543052186618
"ANARHICHAS_MINOR" 3 2004 0.0308695424760756
"CENTROSCYLLIUM_FABRICII" 4 2004 0.135580935226608
"CORYPHAENOIDES_RUPESTRIS" 5 2004 0.316296294268616
"COTTUNCULUS_MICROPS" 6 2004 0.0211181404949261
"CYCLOPTERUS_LUMPUS" 7 2004 0.679059611394872
"ENCHELYOPUS_CIMBRIUS" 8 2004 0.00733023218461413
"EUMICROTREMUS_SP" 9 2004 0.0419466340281909
"GADUS_MORHUA" 10 2004 0.631086904481545
"GLYPTOCEPHALUS_CYNOGLOSSUS" 11 2004 0.0961202651544657
"HIPPOGLOSSOIDES_PLATESSOIDES" 12 2004 0.80911889424913
"LIMANDA_FERRUGINEA" 13 2004 0.254982850178446
"LYCODES_ESMARKI" 14 2004 0.0056982981893209
"LYCODES_RETICULATUS" 15 2004 0.143081417138765
"LYCODES_VAHLII" 16 2004 0.227314336548672
"MACROURUS_BERGLAX" 17 2004 0.845160050857879
"MYOXOCEPHALUS_OCTODECEMSPINOSUS" 18 2004 0.00245380190041107
"MYOXOCEPHALUS_SCORPIUS" 19 2004 0.0367816797976228
"NEZUMIA_BAIRDI" 20 2004 0.188735148974969
"NOTACANTHIDAE" 21 2004 0.116802827733442
"NOTACANTHUS_NASUS" 22 2004 0.0378865415706911
"RAJA_SPINICAUDA" 23 2004 0.0977075743176823
"RAJA_RADIATA" 24 2004 0.479417762773076
"RAJA_SENTA" 25 2004 0.00180540552041065
"REINHARDTIUS_HIPPOGLOSSOIDES" 26 2004 5.6066952131391
"SEBASTES_MARINUS" 27 2004 0.0234982587002098
"SEBASTES_MENTELLA" 28 2004 0.76663214927683
"UROPHYCIS_CHESTERI" 29 2004 0.0103914524992057
"UROPHYCIS_TENUIS" 30 2004 0.00124097257799557
"ANARHICHAS_DENTICULATUS" 1 2005 0.441580424217869
"ANARHICHAS_LUPUS" 2 2005 0.134133726925174
"ANARHICHAS_MINOR" 3 2005 0.214972920833056
"CENTROSCYLLIUM_FABRICII" 4 2005 0.0616431671441763
"CORYPHAENOIDES_RUPESTRIS" 5 2005 0.15839973979959
"COTTUNCULUS_MICROPS" 6 2005 0.0166679693937989
"CYCLOPTERUS_LUMPUS" 7 2005 0.679162727457153
"ENCHELYOPUS_CIMBRIUS" 8 2005 0.00691685309959874
"EUMICROTREMUS_SP" 9 2005 0.0217660693525537
"GADUS_MORHUA" 10 2005 0.795037148091933
"GLYPTOCEPHALUS_CYNOGLOSSUS" 11 2005 0.0931131018505561
"HIPPOGLOSSOIDES_PLATESSOIDES" 12 2005 1.56008885794071
"LIMANDA_FERRUGINEA" 13 2005 0.221597106605107
"LYCODES_ESMARKI" 14 2005 0.0183399189438897
"LYCODES_RETICULATUS" 15 2005 0.317568687249373
"LYCODES_VAHLII" 16 2005 0.159177511315018
"MACROURUS_BERGLAX" 17 2005 0.431483221987021
"MYOXOCEPHALUS_OCTODECEMSPINOSUS" 18 2005 0.0168957488941859
"MYOXOCEPHALUS_SCORPIUS" 19 2005 0.0359590531455816
"NEZUMIA_BAIRDI" 20 2005 0.114483995642775
"NOTACANTHIDAE" 21 2005 0.0241124721039911
"NOTACANTHUS_NASUS" 22 2005 0.0642467620741072
"RAJA_SPINICAUDA" 23 2005 0.0982158363526243
"RAJA_RADIATA" 24 2005 0.44738588940439
"RAJA_SENTA" 25 2005 0.00276288874940307
"REINHARDTIUS_HIPPOGLOSSOIDES" 26 2005 4.83704381821736
"SEBASTES_MARINUS" 27 2005 0.0521837393341291
"SEBASTES_MENTELLA" 28 2005 1.51385268588233
"UROPHYCIS_CHESTERI" 29 2005 0.00801627459356781
"UROPHYCIS_TENUIS" 30 2005 0.00432407146285782
"ANARHICHAS_DENTICULATUS" 1 2006 0.634270727949217
"ANARHICHAS_LUPUS" 2 2006 0.145799457076928
"ANARHICHAS_MINOR" 3 2006 0.142185577780921
"CENTROSCYLLIUM_FABRICII" 4 2006 0.224213621145381
"CORYPHAENOIDES_RUPESTRIS" 5 2006 0.406628771831378
"COTTUNCULUS_MICROPS" 6 2006 0.00828845562439299
"CYCLOPTERUS_LUMPUS" 7 2006 0.546504424692297
"ENCHELYOPUS_CIMBRIUS" 8 2006 0.0149530266471128
"EUMICROTREMUS_SP" 9 2006 0.0282470891534846
"GADUS_MORHUA" 10 2006 0.936233515417309
"GLYPTOCEPHALUS_CYNOGLOSSUS" 11 2006 0.140925324377451
"HIPPOGLOSSOIDES_PLATESSOIDES" 12 2006 1.91413859179566
"LIMANDA_FERRUGINEA" 13 2006 0.314092227153043
"LYCODES_ESMARKI" 14 2006 0.00507115176055879
"LYCODES_RETICULATUS" 15 2006 0.244094666014875
"LYCODES_VAHLII" 16 2006 0.381498435019234
"MACROURUS_BERGLAX" 17 2006 1.77371365307641
"MYOXOCEPHALUS_OCTODECEMSPINOSUS" 18 2006 0.0023530870754534
"MYOXOCEPHALUS_SCORPIUS" 19 2006 0.0275124579622414
"NEZUMIA_BAIRDI" 20 2006 0.275496230449767
"NOTACANTHIDAE" 21 2006 0.00236625514403292
"NOTACANTHUS_NASUS" 22 2006 0.203625824832254
"RAJA_SPINICAUDA" 23 2006 0.242014872646031
"RAJA_RADIATA" 24 2006 0.688656875228049
"RAJA_SENTA" 25 2006 0.0132254879260738
"REINHARDTIUS_HIPPOGLOSSOIDES" 26 2006 6.29116036653164
"SEBASTES_MARINUS" 27 2006 0.0354184695902201
"SEBASTES_MENTELLA" 28 2006 1.12340716995744
"UROPHYCIS_CHESTERI" 29 2006 0.0168528538954235
"UROPHYCIS_TENUIS" 30 2006 0.000344315856639508
"ANARHICHAS_DENTICULATUS" 1 2007 0.752785659879979
"ANARHICHAS_LUPUS" 2 2007 0.235589473356305
"ANARHICHAS_MINOR" 3 2007 0.250745983358061
"CENTROSCYLLIUM_FABRICII" 4 2007 0.273444226804808
"CORYPHAENOIDES_RUPESTRIS" 5 2007 0.352598900789095
"COTTUNCULUS_MICROPS" 6 2007 0.00878560619242349
"CYCLOPTERUS_LUMPUS" 7 2007 0.456087631599501
"ENCHELYOPUS_CIMBRIUS" 8 2007 0.0155556918185763
"EUMICROTREMUS_SP" 9 2007 0.0377190588014205
"GADUS_MORHUA" 10 2007 1.20610362432668
"GLYPTOCEPHALUS_CYNOGLOSSUS" 11 2007 0.21922621348565
"HIPPOGLOSSOIDES_PLATESSOIDES" 12 2007 2.14394065191571
"LIMANDA_FERRUGINEA" 13 2007 0.441067268267017
"LYCODES_ESMARKI" 14 2007 0.00377250239084688
"LYCODES_RETICULATUS" 15 2007 0.317537166472218
"LYCODES_VAHLII" 16 2007 0.476584063808325
"MACROURUS_BERGLAX" 17 2007 1.90799984300329
"MYOXOCEPHALUS_OCTODECEMSPINOSUS" 18 2007 0.00648455791584741
"MYOXOCEPHALUS_SCORPIUS" 19 2007 0.0666919333723183
"NEZUMIA_BAIRDI" 20 2007 0.369435732274252
"NOTACANTHIDAE" 21 2007 0.00220169573516767
"NOTACANTHUS_NASUS" 22 2007 0.239702633032155
"RAJA_SPINICAUDA" 23 2007 0.236359143932084
"RAJA_RADIATA" 24 2007 0.861948710518248
"RAJA_SENTA" 25 2007 0.00389121118258458
"REINHARDTIUS_HIPPOGLOSSOIDES" 26 2007 7.21081737961781
"SEBASTES_MARINUS" 27 2007 0.0356525282053654
"SEBASTES_MENTELLA" 28 2007 2.38630407918851
"UROPHYCIS_CHESTERI" 29 2007 0.0357073183645455
"UROPHYCIS_TENUIS" 30 2007 0.00109705134920212
"ANARHICHAS_DENTICULATUS" 1 2008 0.708738718911999
"ANARHICHAS_LUPUS" 2 2008 0.25374720364889
"ANARHICHAS_MINOR" 3 2008 0.370439775974656
"CENTROSCYLLIUM_FABRICII" 4 2008 0.0707254166572431
"CORYPHAENOIDES_RUPESTRIS" 5 2008 0.117360777631147
"COTTUNCULUS_MICROPS" 6 2008 0.0052129730208505
"CYCLOPTERUS_LUMPUS" 7 2008 0.183914774818976
"ENCHELYOPUS_CIMBRIUS" 8 2008 0.0271986344003249
"EUMICROTREMUS_SP" 9 2008 0.0244655121266414
"GADUS_MORHUA" 10 2008 1.90139236109321
"GLYPTOCEPHALUS_CYNOGLOSSUS" 11 2008 0.333941543144598
"HIPPOGLOSSOIDES_PLATESSOIDES" 12 2008 2.6026948045015
"LIMANDA_FERRUGINEA" 13 2008 0.554421536687269
"LYCODES_ESMARKI" 14 2008 0.0110452657790753
"LYCODES_RETICULATUS" 15 2008 0.247846275304275
"LYCODES_VAHLII" 16 2008 0.53439172123213
"MACROURUS_BERGLAX" 17 2008 1.40239917138273
"MYOXOCEPHALUS_OCTODECEMSPINOSUS" 18 2008 0.000696621385579937
"MYOXOCEPHALUS_SCORPIUS" 19 2008 0.0758164259703928
"NEZUMIA_BAIRDI" 20 2008 0.289487144993671
"NOTACANTHIDAE" 21 2008 0.00188087774294671
"NOTACANTHUS_NASUS" 22 2008 0.0919931295409492
"RAJA_SPINICAUDA" 23 2008 0.0567815224344884
"RAJA_RADIATA" 24 2008 1.13801433558458
"RAJA_SENTA" 25 2008 0.00646408100455393
"REINHARDTIUS_HIPPOGLOSSOIDES" 26 2008 4.21552754795161
"SEBASTES_MARINUS" 27 2008 0.0917085362321836
"SEBASTES_MENTELLA" 28 2008 3.72615582076389
"UROPHYCIS_CHESTERI" 29 2008 0.0597164226642877
"UROPHYCIS_TENUIS" 30 2008 0.0012445668094676
"ANARHICHAS_DENTICULATUS" 1 2009 0.668838203600085
"ANARHICHAS_LUPUS" 2 2009 0.143985956998335
"ANARHICHAS_MINOR" 3 2009 0.242065988168543
"CENTROSCYLLIUM_FABRICII" 4 2009 0.249082839457693
"CORYPHAENOIDES_RUPESTRIS" 5 2009 0.499604604321357
"COTTUNCULUS_MICROPS" 6 2009 0.00894595392377665
"CYCLOPTERUS_LUMPUS" 7 2009 0.0866341632252011
"ENCHELYOPUS_CIMBRIUS" 8 2009 0.0129069133604308
"EUMICROTREMUS_SP" 9 2009 0.0335871893527762
"GADUS_MORHUA" 10 2009 0.832245958169467
"GLYPTOCEPHALUS_CYNOGLOSSUS" 11 2009 0.211245283348354
"HIPPOGLOSSOIDES_PLATESSOIDES" 12 2009 1.6832731175689
"LIMANDA_FERRUGINEA" 13 2009 0.28930605589248
"LYCODES_ESMARKI" 14 2009 0.0159021232810892
"LYCODES_RETICULATUS" 15 2009 0.241972663071451
"LYCODES_VAHLII" 16 2009 0.320415295908665
"MACROURUS_BERGLAX" 17 2009 1.90917764652569
"MYOXOCEPHALUS_OCTODECEMSPINOSUS" 18 2009 0.00326366613884225
"MYOXOCEPHALUS_SCORPIUS" 19 2009 0.0750243308187674
"NEZUMIA_BAIRDI" 20 2009 0.277991552088328
"NOTACANTHIDAE" 21 2009 0.00738369035051193
"NOTACANTHUS_NASUS" 22 2009 0.172903902375268
"RAJA_SPINICAUDA" 23 2009 0.260021496836036
"RAJA_RADIATA" 24 2009 0.773935488889219
"RAJA_SENTA" 25 2009 0.00555326404868093
"REINHARDTIUS_HIPPOGLOSSOIDES" 26 2009 5.32331347134002
"SEBASTES_MARINUS" 27 2009 0.068614217140001
"SEBASTES_MENTELLA" 28 2009 2.56328761125933
"UROPHYCIS_CHESTERI" 29 2009 0.0230556710762763
"UROPHYCIS_TENUIS" 30 2009 0.00223058220945488
"ANARHICHAS_DENTICULATUS" 1 2010 0.772912032707006
"ANARHICHAS_LUPUS" 2 2010 0.149400130485238
"ANARHICHAS_MINOR" 3 2010 0.0993813940582354
"CENTROSCYLLIUM_FABRICII" 4 2010 0.320786161029006
"CORYPHAENOIDES_RUPESTRIS" 5 2010 0.539071498830879
"COTTUNCULUS_MICROPS" 6 2010 0.00382662201635755
"CYCLOPTERUS_LUMPUS" 7 2010 0.166982247829844
"ENCHELYOPUS_CIMBRIUS" 8 2010 0.021702034117287
"EUMICROTREMUS_SP" 9 2010 0.0437563160445569
"GADUS_MORHUA" 10 2010 1.09596694307324
"GLYPTOCEPHALUS_CYNOGLOSSUS" 11 2010 0.253256610421566
"HIPPOGLOSSOIDES_PLATESSOIDES" 12 2010 2.12647534096871
"LIMANDA_FERRUGINEA" 13 2010 0.400064052413237
"LYCODES_ESMARKI" 14 2010 0.00645739622102158
"LYCODES_RETICULATUS" 15 2010 0.272530482653082
"LYCODES_VAHLII" 16 2010 0
"MACROURUS_BERGLAX" 17 2010 2.19226094581384
"MYOXOCEPHALUS_OCTODECEMSPINOSUS" 18 2010 0.00465968633190459
"MYOXOCEPHALUS_SCORPIUS" 19 2010 0.0367173070551576
"NEZUMIA_BAIRDI" 20 2010 0.238525459979021
"NOTACANTHIDAE" 21 2010 0.000112676056338028
"NOTACANTHUS_NASUS" 22 2010 0.180377323657449
"RAJA_SPINICAUDA" 23 2010 0.0592104115146128
"RAJA_RADIATA" 24 2010 0.691970953358148
"RAJA_SENTA" 25 2010 0.00918994303716008
"REINHARDTIUS_HIPPOGLOSSOIDES" 26 2010 4.84346298630961
"SEBASTES_MARINUS" 27 2010 0.0452447426249092
"SEBASTES_MENTELLA" 28 2010 2.2961367082662
"UROPHYCIS_CHESTERI" 29 2010 0.0304042512935647
"UROPHYCIS_TENUIS" 30 2010 0
"ANARHICHAS_DENTICULATUS" 1 2011 1.20367314008412
"ANARHICHAS_LUPUS" 2 2011 0.261838635064152
"ANARHICHAS_MINOR" 3 2011 0.229726707807418
"CENTROSCYLLIUM_FABRICII" 4 2011 0.0854585043377224
"CORYPHAENOIDES_RUPESTRIS" 5 2011 0.32579607028822
"COTTUNCULUS_MICROPS" 6 2011 0.00601300652738297
"CYCLOPTERUS_LUMPUS" 7 2011 0.116979300731077
"ENCHELYOPUS_CIMBRIUS" 8 2011 0.00737787023756131
"EUMICROTREMUS_SP" 9 2011 0.0284886068998426
"GADUS_MORHUA" 10 2011 2.20888893416619
"GLYPTOCEPHALUS_CYNOGLOSSUS" 11 2011 0.311204036238228
"HIPPOGLOSSOIDES_PLATESSOIDES" 12 2011 3.04336944718359
"LIMANDA_FERRUGINEA" 13 2011 0.518942656371465
"LYCODES_ESMARKI" 14 2011 0.0118488489894321
"LYCODES_RETICULATUS" 15 2011 0.262188519799354
"LYCODES_VAHLII" 16 2011 0
"MACROURUS_BERGLAX" 17 2011 1.15813647213498
"MYOXOCEPHALUS_OCTODECEMSPINOSUS" 18 2011 0.0157423941515525
"MYOXOCEPHALUS_SCORPIUS" 19 2011 0.0378509519610622
"NEZUMIA_BAIRDI" 20 2011 0.179318146217401
"NOTACANTHIDAE" 21 2011 0
"NOTACANTHUS_NASUS" 22 2011 0.144328605392233
"RAJA_SPINICAUDA" 23 2011 0.17191321540353
"RAJA_RADIATA" 24 2011 1.01590675571592
"RAJA_SENTA" 25 2011 0.00420403591195709
"REINHARDTIUS_HIPPOGLOSSOIDES" 26 2011 6.55118041317846
"SEBASTES_MARINUS" 27 2011 0.0759439324548884
"SEBASTES_MENTELLA" 28 2011 4.65897303679125
"UROPHYCIS_CHESTERI" 29 2011 0.0219963339915749
"UROPHYCIS_TENUIS" 30 2011 0.00111423045175974
"ANARHICHAS_DENTICULATUS" 1 2012 0.960006642402435
"ANARHICHAS_LUPUS" 2 2012 0.31119977502948
"ANARHICHAS_MINOR" 3 2012 0.275084487555474
"CENTROSCYLLIUM_FABRICII" 4 2012 0.0559899521790091
"CORYPHAENOIDES_RUPESTRIS" 5 2012 0.300456247646312
"COTTUNCULUS_MICROPS" 6 2012 0.00443753743553271
"CYCLOPTERUS_LUMPUS" 7 2012 0.180945017993404
"ENCHELYOPUS_CIMBRIUS" 8 2012 0.00763882818230283
"EUMICROTREMUS_SP" 9 2012 0.0212667898716191
"GADUS_MORHUA" 10 2012 3.26549775996008
"GLYPTOCEPHALUS_CYNOGLOSSUS" 11 2012 0.348257267716561
"HIPPOGLOSSOIDES_PLATESSOIDES" 12 2012 3.67531354817845
"LIMANDA_FERRUGINEA" 13 2012 0.298384807035013
"LYCODES_ESMARKI" 14 2012 0.00967150342632137
"LYCODES_RETICULATUS" 15 2012 0.435604433728496
"LYCODES_VAHLII" 16 2012 0.160532630980601
"MACROURUS_BERGLAX" 17 2012 1.20704154008787
"MYOXOCEPHALUS_OCTODECEMSPINOSUS" 18 2012 0.00617847818449176
"MYOXOCEPHALUS_SCORPIUS" 19 2012 0.0607966561798122
"NEZUMIA_BAIRDI" 20 2012 0.14474612805436
"NOTACANTHIDAE" 21 2012 0
"NOTACANTHUS_NASUS" 22 2012 0.126163879500126
"RAJA_SPINICAUDA" 23 2012 0.108865197217578
"RAJA_RADIATA" 24 2012 0.936706567735143
"RAJA_SENTA" 25 2012 0.00496662701195926
"REINHARDTIUS_HIPPOGLOSSOIDES" 26 2012 4.29531649549685
"SEBASTES_MARINUS" 27 2012 0.128347346124099
"SEBASTES_MENTELLA" 28 2012 3.57049778161883
"UROPHYCIS_CHESTERI" 29 2012 0.0159636520280713
"UROPHYCIS_TENUIS" 30 2012 0.00596509634858578
"ANARHICHAS_DENTICULATUS" 1 2013 0.997337780614924
"ANARHICHAS_LUPUS" 2 2013 0.336690323394219
"ANARHICHAS_MINOR" 3 2013 0.274014613913023
"CENTROSCYLLIUM_FABRICII" 4 2013 0.17692966116995
"CORYPHAENOIDES_RUPESTRIS" 5 2013 0.276177700762761
"COTTUNCULUS_MICROPS" 6 2013 0.00784482921775991
"CYCLOPTERUS_LUMPUS" 7 2013 0.117697255874215
"ENCHELYOPUS_CIMBRIUS" 8 2013 0.0118588526961714
"EUMICROTREMUS_SP" 9 2013 0.0172838086179629
"GADUS_MORHUA" 10 2013 4.56249423720046
"GLYPTOCEPHALUS_CYNOGLOSSUS" 11 2013 0.567929424999822
"HIPPOGLOSSOIDES_PLATESSOIDES" 12 2013 4.72538328990478
"LIMANDA_FERRUGINEA" 13 2013 0.607284388233808
"LYCODES_ESMARKI" 14 2013 0.0141590118361662
"LYCODES_RETICULATUS" 15 2013 0.540369268891932
"LYCODES_VAHLII" 16 2013 0.1703444896463
"MACROURUS_BERGLAX" 17 2013 1.86169455218025
"MYOXOCEPHALUS_OCTODECEMSPINOSUS" 18 2013 0.00203828573232339
"MYOXOCEPHALUS_SCORPIUS" 19 2013 0.042718970003247
"NEZUMIA_BAIRDI" 20 2013 0.204072279798451
"NOTACANTHIDAE" 21 2013 0
"NOTACANTHUS_NASUS" 22 2013 0.183659040907365
"RAJA_SPINICAUDA" 23 2013 0
"RAJA_RADIATA" 24 2013 1.41233258611021
"RAJA_SENTA" 25 2013 0.0031798713775436
"REINHARDTIUS_HIPPOGLOSSOIDES" 26 2013 4.9466019487526
"SEBASTES_MARINUS" 27 2013 0.149449372040567
"SEBASTES_MENTELLA" 28 2013 3.30308960301531
"UROPHYCIS_CHESTERI" 29 2013 0.0259664070816282
"UROPHYCIS_TENUIS" 30 2013 0.0105476490692151
